0.263600 0.006384
0.268600 0.007299
0.273100 0.003801
0.277100 0.008422
0.281100 0.005710
0.285100 0.006936
0.289100 0.010695
0.293100 0.009187
0.297100 0.008582
0.301100 0.007174
0.305100 0.011099
0.309100 0.014191
0.313100 0.015384
0.317100 0.013349
0.321100 0.015506
0.325100 0.013875
0.329100 0.014722
0.333100 0.014672
0.337100 0.017749
0.341100 0.016911
0.345100 0.016287
0.349100 0.016431
0.353100 0.020104
0.357100 0.020584
0.360600 0.020290
0.363600 0.021913
0.366600 0.021846
0.369600 0.022766
0.372600 0.023181
0.375600 0.023042
0.378600 0.024383
0.381100 0.024943
0.383100 0.025705
0.385100 0.026770
0.387100 0.027622
0.389100 0.029409
0.391100 0.031019
0.393100 0.032482
0.395100 0.033259
0.397100 0.036039
0.399100 0.037094
0.401100 0.039448
0.403100 0.042116
0.405100 0.045131
0.412800 0.056492
0.415800 0.061316
0.418800 0.066369
0.421800 0.071407
0.424800 0.076999
0.427800 0.082316
0.430800 0.086280
0.433800 0.092232
0.436800 0.096239
0.439800 0.100210
0.442800 0.104294
0.445800 0.107890
0.448800 0.112191
0.451300 0.116537
0.453300 0.118463
0.455300 0.120695
0.457300 0.121592
0.459300 0.123480
0.461300 0.126139
0.463300 0.129573
0.465300 0.130784
0.467300 0.133763
0.469300 0.134655
0.471300 0.136729
0.473300 0.139017
0.475300 0.141772
0.477300 0.142471
0.479300 0.144885
0.481300 0.145691
0.483300 0.147669
0.485300 0.149917
0.487300 0.151813
0.489300 0.152504
0.491300 0.154890
0.493300 0.155640
0.495300 0.158863
0.497300 0.159521
0.499300 0.162072
0.501300 0.162959
0.503300 0.164669
0.505300 0.166817
0.507300 0.168776
0.509300 0.169558
0.511300 0.172565
0.513300 0.173950
0.515300 0.176517
0.517300 0.178610
0.519300 0.180732
0.521300 0.182798
0.523300 0.185139
0.525300 0.187841
0.527300 0.189311
0.529300 0.190632
0.531300 0.193532
0.533300 0.195157
0.535300 0.197455
0.537300 0.199126
0.539300 0.201546
0.541300 0.201914
0.543300 0.204069
0.545300 0.204338
0.547300 0.207144
0.549300 0.206344
0.551300 0.209238
0.553300 0.209230
0.555300 0.211476
0.557300 0.211325
0.559300 0.212642
0.561300 0.214081
0.563300 0.214972
0.565300 0.216786
0.567300 0.216206
0.569300 0.217966
0.571300 0.217887
0.573300 0.218713
0.575300 0.220039
0.577300 0.219964
0.579300 0.223201
0.581300 0.221673
0.583300 0.223856
0.585300 0.224095
0.587300 0.225812
0.589300 0.226571
0.591300 0.227793
0.593300 0.227763
0.595300 0.228423
0.597300 0.228453
0.599300 0.229390
0.601100 0.230811
0.602700 0.231129
0.604300 0.232860
0.605900 0.232489
0.607500 0.233305
0.609100 0.233593
0.610700 0.233616
0.612300 0.234781
0.613900 0.235624
0.615500 0.236829
0.617100 0.236384
0.618700 0.237475
0.620300 0.239281
0.621900 0.238852
0.623500 0.239521
0.625100 0.241375
0.626700 0.241793
0.628300 0.242750
0.629900 0.242915
0.631700 0.244160
0.633700 0.244926
0.635700 0.245298
0.637700 0.247287
0.639700 0.246888
0.641700 0.248853
0.643700 0.248962
0.645700 0.250301
0.647700 0.250363
0.649700 0.251625
0.651700 0.250990
0.653700 0.252367
0.655700 0.253420
0.657700 0.254171
0.659700 0.254882
0.661700 0.254841
0.663700 0.255520
0.665700 0.257193
0.667700 0.256587
0.670200 0.257295
0.673200 0.257312
0.676200 0.259050
0.679200 0.260164
0.682200 0.261711
0.685200 0.264311
0.688200 0.264705
0.691200 0.267791
0.694200 0.270032
0.697200 0.274283
0.700200 0.278351
0.702000 0.282115
0.704000 0.283897
0.706000 0.288632
0.708000 0.290951
0.710000 0.295424
0.712000 0.298513
0.714000 0.303605
0.716000 0.306543
0.718000 0.311912
0.720000 0.315763
0.722000 0.321305
0.724000 0.325940
0.726000 0.331504
0.728000 0.336690
0.730000 0.342747
0.732000 0.347569
0.734000 0.353558
0.736000 0.358892
0.738000 0.364811
0.740000 0.369337
0.742000 0.374856
0.744000 0.379607
0.746000 0.383949
0.748000 0.387526
0.750500 0.391782
0.753500 0.396194
0.756500 0.399946
0.759500 0.403587
0.762500 0.406634
0.765500 0.407476
0.768500 0.409687
0.771500 0.411385
0.774500 0.414148
0.777500 0.414588
0.781000 0.414743
0.785000 0.415194
0.789000 0.416787
0.793000 0.418920
0.797000 0.419107
0.801500 0.418899
0.806500 0.420935
0.811500 0.421100
0.816500 0.422250
0.822000 0.422513
0.828000 0.423299
0.851000 0.427555
0.859000 0.426538
0.871000 0.425871
0.883000 0.428008
0.894000 0.429510
0.904000 0.427713
0.914000 0.427118
0.924000 0.428810
0.933000 0.430117
0.941000 0.428104
0.949000 0.426403
0.957000 0.423314
0.964000 0.421422
0.970000 0.423040
0.976000 0.421753
0.982000 0.422079
0.988000 0.421960
0.994000 0.422848
1.000000 0.423472
1.006000 0.423529
1.012000 0.423190
1.018000 0.425815
1.023500 0.427140
1.028500 0.428368
1.033500 0.428388
1.038500 0.431394
1.043500 0.430379
1.048500 0.431284
1.053500 0.432150
1.058500 0.432020
1.063500 0.432451
1.068500 0.432480
1.073500 0.431475
1.078500 0.432859
1.083500 0.435130
1.088500 0.433473
1.093500 0.432842
1.098500 0.434014
1.103500 0.432125
1.108500 0.433729
1.113500 0.432967
1.118500 0.431851
1.123500 0.431587
1.128500 0.429834
1.133500 0.426962
1.138500 0.421725
1.143500 0.416310
1.148500 0.414200
1.153500 0.410716
1.158500 0.407095
1.163500 0.405135
1.168500 0.404322
1.173500 0.402024
1.178500 0.400439
1.183500 0.399931
1.188500 0.399859
1.193500 0.399591
1.198500 0.398663
1.203500 0.398765
1.208500 0.397654
1.213500 0.397784
1.218500 0.400280
1.223500 0.399858
1.228500 0.400737
1.233500 0.402023
1.238500 0.402525
1.243500 0.404071
1.248500 0.404684
1.253500 0.406636
1.258500 0.406913
1.263500 0.407254
1.268500 0.407112
1.273500 0.406636
1.278500 0.407143
1.283500 0.407484
1.288500 0.407077
1.293500 0.405824
1.298500 0.404899
1.303500 0.404468
1.308500 0.402010
1.313500 0.400991
1.318500 0.398193
1.323500 0.394930
1.328500 0.392046
1.333500 0.387761
1.338500 0.385088
1.343500 0.380058
1.348500 0.374559
1.353500 0.371941
1.358500 0.367765
1.363500 0.364031
1.368500 0.360763
1.373500 0.355945
1.378500 0.349393
1.383500 0.343227
1.388500 0.333101
1.393500 0.320653
1.398500 0.312793
1.403500 0.300759
1.408500 0.291555
1.413500 0.281357
1.418500 0.271283
1.423500 0.264450
1.428500 0.257279
1.433500 0.254051
1.438500 0.250074
1.443500 0.247823
1.448500 0.246394
1.453500 0.246674
1.458500 0.245497
1.463500 0.247745
1.468500 0.244795
1.473500 0.246504
1.478500 0.247774
1.483500 0.250386
1.488500 0.252040
1.493500 0.254035
1.498500 0.256702
1.503500 0.258976
1.508500 0.260393
1.513500 0.262722
1.518500 0.266587
1.523500 0.267787
1.528500 0.271413
1.534000 0.272881
1.540000 0.276936
1.546000 0.278581
1.552000 0.281169
1.558000 0.284380
1.564000 0.284382
1.570500 0.286016
1.577500 0.288046
1.584500 0.291056
1.591500 0.294009
1.598500 0.296726
1.605500 0.301017
1.612500 0.302985
1.619500 0.306310
1.626500 0.308582
1.633500 0.310913
1.640500 0.312353
1.647500 0.312812
1.654500 0.314273
1.661500 0.313257
1.668500 0.313915
1.676000 0.310129
1.684000 0.307373
1.692000 0.307528
1.700000 0.306669
1.708000 0.305143
1.716000 0.297817
1.724000 0.297363
1.732000 0.293643
1.740000 0.294837
1.748000 0.295201
1.756000 0.294967
1.764000 0.290559
1.772000 0.290093
1.780000 0.288819
1.788000 0.292287
1.796000 0.289073
1.805000 0.290408
1.815000 0.291371
1.825000 0.290174
1.835000 0.291888
1.845000 0.292236
1.855000 0.289145
1.865000 0.281522
1.875000 0.265991
1.885000 0.246528
1.895000 0.217162
1.905000 0.192607
1.915000 0.174731
1.925000 0.167362
1.935000 0.168667
1.945000 0.173796
1.955000 0.178027
1.965000 0.189047
1.975000 0.195114
1.985000 0.199649
1.995000 0.206885
2.005000 0.208692
2.015000 0.212199
2.025000 0.208454
2.035000 0.205906
2.045000 0.198905
2.055000 0.194606
2.065000 0.189792
2.075000 0.188181
2.085000 0.189599
2.095000 0.183484
2.105000 0.188294
2.115000 0.189779
2.125000 0.192702
2.135000 0.196175
2.145000 0.200100
2.155000 0.199813
2.165000 0.205536
2.175000 0.208011
2.185000 0.207662
2.195000 0.209104
2.205000 0.211043
2.215000 0.212996
2.225000 0.211070
2.235000 0.205055
2.245000 0.198102
2.255000 0.189812
2.265000 0.186937
2.275000 0.181286
2.285000 0.180128
2.295000 0.180320
2.305000 0.173189
2.315000 0.170971
2.325000 0.168420
2.335000 0.166909
2.345000 0.163443
2.355000 0.162397
2.365000 0.165199
2.375000 0.164767
2.386000 0.161708
2.400000 0.160104
2.418000 0.152165
2.440000 0.141499
2.466000 0.126770
2.496000 0.117003
2.528000 0.119200
2.560000 0.123426
2.592000 0.128401
2.624000 0.132120
2.656000 0.124277
2.688000 0.107419
2.720000 0.067472
2.752000 0.023803
2.784000 0.013024
2.816000 0.014400
2.848000 0.007889
2.880000 0.011327
2.912000 0.007045
2.944000 0.006206
2.976000 0.002780
