0.263600 0.006384
0.268600 0.007299
0.273100 0.003801
0.277100 0.008422
0.281100 0.005710
0.285100 0.006936
0.289100 0.010695
0.293100 0.009187
0.297100 0.008582
0.301100 0.007174
0.305100 0.013270
0.309100 0.015546
0.313100 0.016397
0.317100 0.014930
0.321100 0.016505
0.325100 0.015328
0.329100 0.015930
0.333100 0.015873
0.337100 0.019668
0.341100 0.018606
0.345100 0.017377
0.349100 0.017335
0.353100 0.021162
0.357100 0.021715
0.360600 0.021316
0.363600 0.022539
0.366600 0.022699
0.369600 0.022952
0.372600 0.022901
0.375600 0.022182
0.378600 0.024273
0.381100 0.023751
0.383100 0.024351
0.385100 0.025373
0.387100 0.026079
0.389100 0.027477
0.391100 0.028875
0.393100 0.030207
0.395100 0.030777
0.397100 0.033108
0.399100 0.034066
0.401100 0.035929
0.403100 0.038065
0.405100 0.040470
0.412800 0.049435
0.415800 0.053264
0.418800 0.057225
0.421800 0.061052
0.424800 0.065360
0.427800 0.069380
0.430800 0.072455
0.433800 0.076929
0.436800 0.080079
0.439800 0.082967
0.442800 0.086150
0.445800 0.088883
0.448800 0.093008
0.451300 0.096299
0.453300 0.097837
0.455300 0.099609
0.457300 0.100227
0.459300 0.101729
0.461300 0.103685
0.463300 0.106258
0.465300 0.107134
0.467300 0.109396
0.469300 0.110137
0.471300 0.111690
0.473300 0.113314
0.475300 0.115460
0.477300 0.116041
0.479300 0.117799
0.481300 0.118453
0.483300 0.119919
0.485300 0.121628
0.487300 0.123104
0.489300 0.123554
0.491300 0.125405
0.493300 0.126092
0.495300 0.128616
0.497300 0.129323
0.499300 0.131321
0.501300 0.132257
0.503300 0.133789
0.505300 0.135703
0.507300 0.137608
0.509300 0.138586
0.511300 0.141494
0.513300 0.143389
0.515300 0.145953
0.517300 0.148383
0.519300 0.151032
0.521300 0.153827
0.523300 0.156559
0.525300 0.159729
0.527300 0.161795
0.529300 0.163770
0.531300 0.166655
0.533300 0.168602
0.535300 0.170761
0.537300 0.172456
0.539300 0.174624
0.541300 0.174970
0.543300 0.176759
0.545300 0.177015
0.547300 0.179372
0.549300 0.178988
0.551300 0.181251
0.553300 0.181118
0.555300 0.182847
0.557300 0.182523
0.559300 0.183217
0.561300 0.184297
0.563300 0.184428
0.565300 0.185320
0.567300 0.184150
0.569300 0.184848
0.571300 0.183908
0.573300 0.183764
0.575300 0.184135
0.577300 0.183446
0.579300 0.185618
0.581300 0.184118
0.583300 0.184995
0.585300 0.184836
0.587300 0.186274
0.589300 0.186624
0.591300 0.186963
0.593300 0.186962
0.595300 0.187186
0.597300 0.187107
0.599300 0.187981
0.601100 0.188825
0.602700 0.188937
0.604300 0.190293
0.605900 0.189721
0.607500 0.190308
0.609100 0.190393
0.610700 0.190043
0.612300 0.190811
0.613900 0.191410
0.615500 0.191909
0.617100 0.191254
0.618700 0.192120
0.620300 0.193407
0.621900 0.192677
0.623500 0.193156
0.625100 0.194531
0.626700 0.194639
0.628300 0.195648
0.629900 0.195471
0.631700 0.196413
0.633700 0.196987
0.635700 0.197089
0.637700 0.198233
0.639700 0.197698
0.641700 0.198911
0.643700 0.198681
0.645700 0.199590
0.647700 0.199117
0.649700 0.200012
0.651700 0.199210
0.653700 0.200242
0.655700 0.200974
0.657700 0.201383
0.659700 0.201838
0.661700 0.201525
0.663700 0.201861
0.665700 0.202992
0.667700 0.202250
0.670200 0.202739
0.673200 0.202603
0.676200 0.203993
0.679200 0.204662
0.682200 0.206026
0.685200 0.208158
0.688200 0.209048
0.691200 0.213098
0.694200 0.217294
0.697200 0.223673
0.700200 0.231608
0.702000 0.237509
0.704000 0.242664
0.706000 0.250027
0.708000 0.254974
0.710000 0.262497
0.712000 0.268799
0.714000 0.277080
0.716000 0.283568
0.718000 0.292529
0.720000 0.300462
0.722000 0.310038
0.724000 0.319059
0.726000 0.329106
0.728000 0.339074
0.730000 0.350070
0.732000 0.360197
0.734000 0.370897
0.736000 0.381329
0.738000 0.392107
0.740000 0.401112
0.742000 0.411064
0.744000 0.420364
0.746000 0.428545
0.748000 0.435475
0.750500 0.444021
0.753500 0.452252
0.756500 0.459215
0.759500 0.465345
0.762500 0.470029
0.765500 0.472545
0.768500 0.475864
0.771500 0.478118
0.774500 0.481268
0.777500 0.482413
0.781000 0.482969
0.785000 0.483933
0.789000 0.485611
0.793000 0.487608
0.797000 0.488335
0.801500 0.488509
0.806500 0.490527
0.811500 0.490896
0.816500 0.492211
0.822000 0.493017
0.828000 0.493272
0.851000 0.497639
0.859000 0.496014
0.871000 0.495477
0.883000 0.496494
0.894000 0.498604
0.904000 0.497111
0.914000 0.496390
0.924000 0.496895
0.933000 0.496857
0.941000 0.493730
0.949000 0.489694
0.957000 0.484053
0.964000 0.481192
0.970000 0.481670
0.976000 0.480750
0.982000 0.481501
0.988000 0.481151
0.994000 0.482552
1.000000 0.484317
1.006000 0.484966
1.012000 0.485426
1.018000 0.489044
1.023500 0.490458
1.028500 0.492320
1.033500 0.493408
1.038500 0.496135
1.043500 0.496301
1.048500 0.497317
1.053500 0.497966
1.058500 0.498594
1.063500 0.498993
1.068500 0.499280
1.073500 0.498212
1.078500 0.499575
1.083500 0.501102
1.088500 0.499561
1.093500 0.499142
1.098500 0.499777
1.103500 0.497161
1.108500 0.498673
1.113500 0.497087
1.118500 0.496085
1.123500 0.494654
1.128500 0.491785
1.133500 0.486576
1.138500 0.478715
1.143500 0.469754
1.148500 0.463572
1.153500 0.457765
1.158500 0.452896
1.163500 0.449872
1.168500 0.448466
1.173500 0.445863
1.178500 0.444191
1.183500 0.443351
1.188500 0.443304
1.193500 0.442802
1.198500 0.441825
1.203500 0.442059
1.208500 0.441247
1.213500 0.441848
1.218500 0.444543
1.223500 0.444515
1.228500 0.445724
1.233500 0.447077
1.238500 0.448245
1.243500 0.449861
1.248500 0.450974
1.253500 0.452902
1.258500 0.453507
1.263500 0.453923
1.268500 0.453762
1.273500 0.453374
1.278500 0.453179
1.283500 0.453170
1.288500 0.451910
1.293500 0.450339
1.298500 0.448289
1.303500 0.446354
1.308500 0.442646
1.313500 0.439482
1.318500 0.434504
1.323500 0.429146
1.328500 0.423550
1.333500 0.417066
1.338500 0.411627
1.343500 0.404527
1.348500 0.397212
1.353500 0.393197
1.358500 0.387733
1.363500 0.382055
1.368500 0.376494
1.373500 0.368492
1.378500 0.358285
1.383500 0.345232
1.388500 0.328626
1.393500 0.309617
1.398500 0.295167
1.403500 0.278751
1.408500 0.265866
1.413500 0.255160
1.418500 0.244704
1.423500 0.237806
1.428500 0.230960
1.433500 0.227675
1.438500 0.224079
1.443500 0.221317
1.448500 0.220236
1.453500 0.220382
1.458500 0.219793
1.463500 0.221950
1.468500 0.219900
1.473500 0.222577
1.478500 0.224534
1.483500 0.227966
1.488500 0.230558
1.493500 0.233818
1.498500 0.237271
1.503500 0.240486
1.508500 0.243333
1.513500 0.246751
1.518500 0.251962
1.523500 0.254590
1.528500 0.259579
1.534000 0.262456
1.540000 0.267317
1.546000 0.270826
1.552000 0.275073
1.558000 0.279152
1.564000 0.280973
1.570500 0.284130
1.577500 0.287525
1.584500 0.291710
1.591500 0.295875
1.598500 0.299571
1.605500 0.304268
1.612500 0.307198
1.619500 0.311446
1.626500 0.314007
1.633500 0.316928
1.640500 0.318615
1.647500 0.319785
1.654500 0.321707
1.661500 0.321355
1.668500 0.322254
1.676000 0.318983
1.684000 0.316130
1.692000 0.315790
1.700000 0.314513
1.708000 0.312626
1.716000 0.305646
1.724000 0.304049
1.732000 0.299156
1.740000 0.299572
1.748000 0.297892
1.756000 0.295883
1.764000 0.291076
1.772000 0.289163
1.780000 0.287796
1.788000 0.290120
1.796000 0.287313
1.805000 0.288307
1.815000 0.289165
1.825000 0.288303
1.835000 0.288797
1.845000 0.286484
1.855000 0.279305
1.865000 0.265746
1.875000 0.241197
1.885000 0.213411
1.895000 0.181175
1.905000 0.157915
1.915000 0.142067
1.925000 0.136235
1.935000 0.136964
1.945000 0.140821
1.955000 0.144320
1.965000 0.154485
1.975000 0.159568
1.985000 0.164586
1.995000 0.170749
2.005000 0.173779
2.015000 0.178409
2.025000 0.176713
2.035000 0.176065
2.045000 0.172012
2.055000 0.170974
2.065000 0.168695
2.075000 0.169080
2.085000 0.171630
2.095000 0.168559
2.105000 0.174239
2.115000 0.176885
2.125000 0.180372
2.135000 0.183198
2.145000 0.188167
2.155000 0.188148
2.165000 0.193662
2.175000 0.195679
2.185000 0.195840
2.195000 0.198061
2.205000 0.199571
2.215000 0.201568
2.225000 0.200187
2.235000 0.194738
2.245000 0.189675
2.255000 0.180822
2.265000 0.179257
2.275000 0.172892
2.285000 0.170544
2.295000 0.168729
2.305000 0.161599
2.315000 0.159277
2.325000 0.156029
2.335000 0.153702
2.345000 0.149848
2.355000 0.147749
2.365000 0.149291
2.375000 0.147847
2.386000 0.144015
2.400000 0.141020
2.418000 0.133013
2.440000 0.122754
2.466000 0.108851
2.496000 0.099279
2.528000 0.099958
2.560000 0.103547
2.592000 0.106360
2.624000 0.107582
2.656000 0.100648
2.688000 0.084161
2.720000 0.052054
2.752000 0.018191
2.784000 0.014698
2.816000 0.011271
2.848000 0.004720
2.880000 0.010475
2.912000 0.008679
2.944000 0.007740
2.976000 0.002948
