0.263600 0.006384
0.268600 0.007299
0.273100 0.003801
0.277100 0.008422
0.281100 0.005710
0.285100 0.006936
0.289100 0.010695
0.293100 0.009187
0.297100 0.008582
0.301100 0.007174
0.305100 0.012184
0.309100 0.014868
0.313100 0.015890
0.317100 0.014140
0.321100 0.016005
0.325100 0.014601
0.329100 0.015326
0.333100 0.015273
0.337100 0.018708
0.341100 0.017758
0.345100 0.016832
0.349100 0.016883
0.353100 0.020633
0.357100 0.021149
0.360600 0.020803
0.363600 0.022226
0.366600 0.022273
0.369600 0.022859
0.372600 0.023041
0.375600 0.022612
0.378600 0.024328
0.381100 0.024347
0.383100 0.025028
0.385100 0.026072
0.387100 0.026850
0.389100 0.028443
0.391100 0.029947
0.393100 0.031344
0.395100 0.032018
0.397100 0.034573
0.399100 0.035580
0.401100 0.037689
0.403100 0.040090
0.405100 0.042800
0.412800 0.052963
0.415800 0.057290
0.418800 0.061797
0.421800 0.066230
0.424800 0.071179
0.427800 0.075848
0.430800 0.079368
0.433800 0.084580
0.436800 0.088159
0.439800 0.091588
0.442800 0.095222
0.445800 0.098386
0.448800 0.102599
0.451300 0.106418
0.453300 0.108150
0.455300 0.110152
0.457300 0.110909
0.459300 0.112605
0.461300 0.114912
0.463300 0.117915
0.465300 0.118959
0.467300 0.121579
0.469300 0.122396
0.471300 0.124210
0.473300 0.126166
0.475300 0.128616
0.477300 0.129256
0.479300 0.131342
0.481300 0.132072
0.483300 0.133794
0.485300 0.135773
0.487300 0.137459
0.489300 0.138029
0.491300 0.140148
0.493300 0.140866
0.495300 0.143739
0.497300 0.144422
0.499300 0.146697
0.501300 0.147608
0.503300 0.149229
0.505300 0.151260
0.507300 0.153192
0.509300 0.154072
0.511300 0.157030
0.513300 0.158669
0.515300 0.161235
0.517300 0.163496
0.519300 0.165882
0.521300 0.168312
0.523300 0.170849
0.525300 0.173785
0.527300 0.175553
0.529300 0.177201
0.531300 0.180094
0.533300 0.181879
0.535300 0.184108
0.537300 0.185791
0.539300 0.188085
0.541300 0.188442
0.543300 0.190414
0.545300 0.190677
0.547300 0.193258
0.549300 0.192666
0.551300 0.195245
0.553300 0.195174
0.555300 0.197161
0.557300 0.196924
0.559300 0.197930
0.561300 0.199189
0.563300 0.199700
0.565300 0.201053
0.567300 0.200178
0.569300 0.201407
0.571300 0.200898
0.573300 0.201239
0.575300 0.202087
0.577300 0.201705
0.579300 0.204410
0.581300 0.202895
0.583300 0.204425
0.585300 0.204465
0.587300 0.206043
0.589300 0.206598
0.591300 0.207378
0.593300 0.207362
0.595300 0.207805
0.597300 0.207780
0.599300 0.208685
0.601100 0.209818
0.602700 0.210033
0.604300 0.211576
0.605900 0.211105
0.607500 0.211807
0.609100 0.211993
0.610700 0.211830
0.612300 0.212796
0.613900 0.213517
0.615500 0.214369
0.617100 0.213819
0.618700 0.214798
0.620300 0.216344
0.621900 0.215765
0.623500 0.216339
0.625100 0.217953
0.626700 0.218216
0.628300 0.219199
0.629900 0.219193
0.631700 0.220287
0.633700 0.220956
0.635700 0.221193
0.637700 0.222760
0.639700 0.222293
0.641700 0.223882
0.643700 0.223821
0.645700 0.224946
0.647700 0.224740
0.649700 0.225818
0.651700 0.225100
0.653700 0.226304
0.655700 0.227197
0.657700 0.227777
0.659700 0.228360
0.661700 0.228183
0.663700 0.228690
0.665700 0.230092
0.667700 0.229418
0.670200 0.230017
0.673200 0.229958
0.676200 0.231522
0.679200 0.232413
0.682200 0.233868
0.685200 0.236235
0.688200 0.236876
0.691200 0.240445
0.694200 0.243663
0.697200 0.248978
0.700200 0.254979
0.702000 0.259812
0.704000 0.263281
0.706000 0.269330
0.708000 0.272962
0.710000 0.278961
0.712000 0.283656
0.714000 0.290343
0.716000 0.295056
0.718000 0.302220
0.720000 0.308113
0.722000 0.315672
0.724000 0.322500
0.726000 0.330305
0.728000 0.337882
0.730000 0.346409
0.732000 0.353883
0.734000 0.362228
0.736000 0.370111
0.738000 0.378459
0.740000 0.385225
0.742000 0.392960
0.744000 0.399985
0.746000 0.406247
0.748000 0.411501
0.750500 0.417902
0.753500 0.424223
0.756500 0.429581
0.759500 0.434466
0.762500 0.438331
0.765500 0.440010
0.768500 0.442775
0.771500 0.444752
0.774500 0.447708
0.777500 0.448500
0.781000 0.448856
0.785000 0.449564
0.789000 0.451199
0.793000 0.453264
0.797000 0.453721
0.801500 0.453704
0.806500 0.455731
0.811500 0.455998
0.816500 0.457230
0.822000 0.457765
0.828000 0.458285
0.851000 0.462597
0.859000 0.461276
0.871000 0.460674
0.883000 0.462251
0.894000 0.464057
0.904000 0.462412
0.914000 0.461754
0.924000 0.462852
0.933000 0.463487
0.941000 0.460917
0.949000 0.458049
0.957000 0.453683
0.964000 0.451307
0.970000 0.452355
0.976000 0.451251
0.982000 0.451790
0.988000 0.451555
0.994000 0.452700
1.000000 0.453895
1.006000 0.454248
1.012000 0.454308
1.018000 0.457429
1.023500 0.458799
1.028500 0.460344
1.033500 0.460898
1.038500 0.463764
1.043500 0.463340
1.048500 0.464300
1.053500 0.465058
1.058500 0.465307
1.063500 0.465722
1.068500 0.465880
1.073500 0.464843
1.078500 0.466217
1.083500 0.468116
1.088500 0.466517
1.093500 0.465992
1.098500 0.466896
1.103500 0.464643
1.108500 0.466201
1.113500 0.465027
1.118500 0.463968
1.123500 0.463120
1.128500 0.460809
1.133500 0.456769
1.138500 0.450220
1.143500 0.443032
1.148500 0.438886
1.153500 0.434240
1.158500 0.429996
1.163500 0.427503
1.168500 0.426394
1.173500 0.423944
1.178500 0.422315
1.183500 0.421641
1.188500 0.421582
1.193500 0.421197
1.198500 0.420244
1.203500 0.420412
1.208500 0.419450
1.213500 0.419816
1.218500 0.422412
1.223500 0.422186
1.228500 0.423230
1.233500 0.424550
1.238500 0.425385
1.243500 0.426966
1.248500 0.427829
1.253500 0.429769
1.258500 0.430210
1.263500 0.430588
1.268500 0.430437
1.273500 0.430005
1.278500 0.430161
1.283500 0.430327
1.288500 0.429494
1.293500 0.428081
1.298500 0.426594
1.303500 0.425411
1.308500 0.422328
1.313500 0.420236
1.318500 0.416349
1.323500 0.412038
1.328500 0.407798
1.333500 0.402414
1.338500 0.398358
1.343500 0.392292
1.348500 0.385885
1.353500 0.382569
1.358500 0.377749
1.363500 0.373043
1.368500 0.368628
1.373500 0.362218
1.378500 0.353839
1.383500 0.344230
1.388500 0.330863
1.393500 0.315135
1.398500 0.303980
1.403500 0.289755
1.408500 0.278710
1.413500 0.268258
1.418500 0.257993
1.423500 0.251128
1.428500 0.244119
1.433500 0.240863
1.438500 0.237077
1.443500 0.234570
1.448500 0.233315
1.453500 0.233528
1.458500 0.232645
1.463500 0.234848
1.468500 0.232347
1.473500 0.234541
1.478500 0.236154
1.483500 0.239176
1.488500 0.241299
1.493500 0.243926
1.498500 0.246986
1.503500 0.249731
1.508500 0.251863
1.513500 0.254736
1.518500 0.259275
1.523500 0.261188
1.528500 0.265496
1.534000 0.267669
1.540000 0.272127
1.546000 0.274703
1.552000 0.278121
1.558000 0.281766
1.564000 0.282677
1.570500 0.285073
1.577500 0.287786
1.584500 0.291383
1.591500 0.294942
1.598500 0.298149
1.605500 0.302643
1.612500 0.305091
1.619500 0.308878
1.626500 0.311295
1.633500 0.313920
1.640500 0.315484
1.647500 0.316299
1.654500 0.317990
1.661500 0.317306
1.668500 0.318085
1.676000 0.314556
1.684000 0.311752
1.692000 0.311659
1.700000 0.310591
1.708000 0.308885
1.716000 0.301731
1.724000 0.300706
1.732000 0.296400
1.740000 0.297205
1.748000 0.296546
1.756000 0.295425
1.764000 0.290817
1.772000 0.289628
1.780000 0.288307
1.788000 0.291204
1.796000 0.288193
1.805000 0.289357
1.815000 0.290268
1.825000 0.289239
1.835000 0.290342
1.845000 0.289360
1.855000 0.284225
1.865000 0.273634
1.875000 0.253594
1.885000 0.229969
1.895000 0.199168
1.905000 0.175261
1.915000 0.158399
1.925000 0.151798
1.935000 0.152816
1.945000 0.157309
1.955000 0.161174
1.965000 0.171766
1.975000 0.177341
1.985000 0.182117
1.995000 0.188817
2.005000 0.191235
2.015000 0.195304
2.025000 0.192584
2.035000 0.190986
2.045000 0.185459
2.055000 0.182790
2.065000 0.179244
2.075000 0.178631
2.085000 0.180615
2.095000 0.176021
2.105000 0.181267
2.115000 0.183332
2.125000 0.186537
2.135000 0.189686
2.145000 0.194134
2.155000 0.193981
2.165000 0.199599
2.175000 0.201845
2.185000 0.201751
2.195000 0.203583
2.205000 0.205307
2.215000 0.207282
2.225000 0.205628
2.235000 0.199896
2.245000 0.193889
2.255000 0.185317
2.265000 0.183097
2.275000 0.177089
2.285000 0.175336
2.295000 0.174524
2.305000 0.167394
2.315000 0.165124
2.325000 0.162224
2.335000 0.160306
2.345000 0.156645
2.355000 0.155073
2.365000 0.157245
2.375000 0.156307
2.386000 0.152861
2.400000 0.150562
2.418000 0.142589
2.440000 0.132126
2.466000 0.117811
2.496000 0.108141
2.528000 0.109579
2.560000 0.113487
2.592000 0.117380
2.624000 0.119851
2.656000 0.112462
2.688000 0.095790
2.720000 0.059763
2.752000 0.020997
2.784000 0.013861
2.816000 0.012835
2.848000 0.006305
2.880000 0.010901
2.912000 0.007862
2.944000 0.006973
2.976000 0.002864
